INFO: 2025/02/07 13:31:41 testgo.go:74: Generating Array Runtime:  22.2891895s
INFO: 2025/02/07 13:31:52 testgo.go:81: Binary Search Runtime:  10.8266483s
