INFO: 2025/02/07 13:54:03 testgo.go:74: Generating Array Runtime:  23.0657192s
INFO: 2025/02/07 13:54:21 testgo.go:81: Binary Search Runtime:  18.0464612s
